13 22 23 			93851.0 93852.0 93856.75 93856.9 			1.0 4.75 0.149999999994
25 34 37 			93861.0 93862.0 93867.16 93875.95 			1.0 5.16 8.78999999999
46 48 51 			93881.0 93882.0 93886.13 93892.88 			1.0 4.13 6.75
60 62 63 			93900.0 93901.0 93903.08 93910.62 			1.0 2.08 7.53999999999
72 74 77 			93910.0 93911.0 93920.84 93927.86 			1.0 9.84 7.02
86 88 91 			93929.0 93931.0 93938.23 93943.78 			2.0 7.23 5.55
100 102 105 			93949.0 93950.0 93953.98 93960.73 			1.0 3.98 6.75
114 116 117 			93968.0 93969.0 93970.91 93978.79 			1.0 1.91 7.87999999999
129 128 131 			93988.0 93989.0 93989.01 93996.09 			1.0 0.00999999999476 7.08
140 142 145 			93998.0 93999.0 94007.88 94011.59 			1.0 8.88 3.70999999999
154 156 159 			94017.0 94018.0 94021.82 94028.56 			1.0 3.82000000001 6.73999999999
168 170 171 			94037.0 94038.0 94038.75 94046.88 			1.0 0.75 8.13
180 182 185 			94046.0 94048.0 94057.41 94062.62 			2.0 9.41 5.20999999999
194 196 199 			94066.0 94067.0 94075.93 94079.44 			1.0 8.92999999999 3.51000000001
208 210 213 			94085.0 94086.0 94089.66 94096.43 			1.0 3.66 6.76999999999
222 224 225 			94105.0 94106.0 94106.6 94113.38 			1.0 0.600000000006 6.78
237 236 239 			94124.0 94125.0 94125.37 94130.28 			1.0 0.369999999995 4.91
248 250 253 			94134.0 94135.0 94140.51 94147.25 			1.0 5.50999999999 6.74000000001
262 264 265 			94153.0 94155.0 94157.51 94164.43 			2.0 2.50999999999 6.92
276 278 279 			94173.0 94174.0 94174.62 94181.18 			1.0 0.619999999995 6.56
288 290 293 			94183.0 94183.0 94191.38 94198.09 			0.0 8.38 6.70999999999
302 304 307 			94202.0 94204.0 94208.34 94215.09 			2.0 4.34 6.75
316 318 319 			94222.0 94223.0 94225.27 94231.99 			1.0 2.27 6.72
326 330 333 			94231.0 94233.0 94242.34 94249.36 			2.0 9.34 7.02
339 344 347 			94251.0 94252.0 94261.27 94265.93 			1.0 9.27 4.65999999999
356 358 361 			94270.0 94272.0 94276.18 94282.87 			2.0 4.17999999999 6.69
370 372 373 			94290.0 94291.0 94293.09 94300.16 			1.0 2.09 7.07000000001
385 384 387 			94309.0 94310.0 94310.52 94317.5 			1.0 0.520000000004 6.98
396 398 401 			94319.0 94320.0 94329.31 94333.74 			1.0 9.31 4.43000000001
410 412 415 			94338.0 94340.0 94344.51 94350.7 			2.0 4.50999999999 6.19
424 426 427 			94358.0 94359.0 94360.93 94368.23 			1.0 1.92999999999 7.3
439 438 441 			94377.0 94378.0 94378.41 94385.77 			1.0 0.410000000003 7.36
450 452 455 			94387.0 94388.0 94396.0 94401.58 			1.0 8.0 5.58
464 466 469 			94407.0 94408.0 94411.9 94418.55 			1.0 3.89999999999 6.65000000001
478 480 481 			94426.0 94427.0 94428.8 94436.65 			1.0 1.8 7.84999999999
493 492 495 			94446.0 94447.0 94447.02 94452.42 			1.0 0.0200000000041 5.39999999999
504 506 509 			94456.0 94457.0 94463.74 94469.39 			1.0 6.74000000001 5.64999999999
518 520 523 			94475.0 94476.0 94479.65 94486.76 			1.0 3.64999999999 7.11
532 534 535 			94494.0 94496.0 94497.04 94504.67 			2.0 1.03999999999 7.63
542 546 549 			94504.0 94505.0 94514.83 94520.23 			1.0 9.83 5.39999999999
558 560 563 			94523.0 94525.0 94530.43 94537.2 			2.0 5.42999999999 6.77
572 574 575 			94543.0 94544.0 94547.43 94554.13 			1.0 3.42999999999 6.70000000001
586 588 589 			94563.0 94564.0 94564.33 94571.13 			1.0 0.330000000002 6.8
598 600 603 			94573.0 94574.0 94582.7 94588.08 			1.0 8.7 5.38
612 614 617 			94592.0 94593.0 94598.3 94605.01 			1.0 5.3 6.70999999999
615 626 627 			94602.0 94603.0 94615.27 94622.16 			1.0 12.27 6.89
640 642 643 			94631.0 94632.0 94632.42 94639.22 			1.0 0.419999999998 6.8
652 654 657 			94641.0 94642.0 94651.52 94655.91 			1.0 9.52 4.39
666 668 671 			94660.0 94661.0 94666.17 94672.91 			1.0 5.17 6.74000000001
680 682 683 			94679.0 94680.0 94683.13 94689.79 			1.0 3.13 6.65999999999
695 694 697 			94699.0 94700.0 94700.05 94707.42 			1.0 0.0500000000029 7.37
706 708 711 			94709.0 94710.0 94719.05 94723.73 			1.0 9.05 4.67999999999
720 722 725 			94728.0 94729.0 94733.98 94740.66 			1.0 4.98 6.68000000001
734 736 737 			94748.0 94749.0 94750.88 94757.96 			1.0 1.88 7.08
741 748 751 			94757.0 94759.0 94768.19 94775.48 			2.0 9.19 7.28999999999
760 762 765 			94777.0 94778.0 94787.11 94791.53 			1.0 9.11 4.42
774 776 779 			94796.0 94798.0 94801.73 94808.48 			2.0 3.73 6.75
788 790 791 			94816.0 94817.0 94818.76 94826.11 			1.0 1.75999999999 7.35000000001
803 802 805 			94835.0 94836.0 94836.42 94843.6 			1.0 0.419999999998 7.18000000001
812 816 819 			94845.0 94846.0 94855.26 94859.34 			1.0 9.25999999999 4.08
828 830 832 			94865.0 94866.0 94869.62 94876.31 			1.0 3.62 6.69
842 844 845 			94884.0 94885.0 94886.57 94894.38 			1.0 1.57000000001 7.81
852 856 859 			94894.0 94895.0 94904.72 94910.22 			1.0 9.72 5.5
868 870 873 			94913.0 94914.0 94921.57 94927.15 			1.0 7.57000000001 5.57999999999
882 884 885 			94933.0 94934.0 94937.38 94944.12 			1.0 3.38 6.73999999999
896 898 899 			94952.0 94953.0 94954.35 94961.05 			1.0 1.35000000001 6.7
906 910 913 			94962.0 94963.0 94972.99 94978.02 			1.0 9.99000000001 5.03
922 924 927 			94981.0 94982.0 94989.62 94995.0 			1.0 7.62 5.38
936 938 939 			95001.0 95002.0 95005.24 95012.09 			1.0 3.24000000001 6.84999999999
950 952 953 			95021.0 95021.0 95022.27 95028.96 			0.0 1.27 6.69
962 964 967 			95030.0 95031.0 95040.62 95045.96 			1.0 9.62 5.34000000001
976 978 981 			95050.0 95051.0 95056.22 95062.8 			1.0 5.22 6.58
990 992 993 			95069.0 95070.0 95073.05 95079.77 			1.0 3.05 6.72
1005 1004 1007 			95089.0 95090.0 95090.02 95096.98 			1.0 0.0200000000041 6.95999999999
1016 1018 1021 			95098.0 95100.0 95108.86 95113.67 			2.0 8.86 4.81
1030 1032 1035 			95118.0 95119.0 95123.96 95130.62 			1.0 4.96000000001 6.65999999999
1044 1046 1047 			95137.0 95139.0 95140.88 95147.67 			2.0 1.88 6.78999999999
1056 1058 1061 			95147.0 95148.0 95157.9 95165.46 			1.0 9.89999999999 7.56000000001
1070 1072 1075 			95167.0 95168.0 95177.16 95181.52 			1.0 9.16 4.36
1084 1086 1089 			95186.0 95187.0 95191.77 95198.45 			1.0 4.77 6.67999999999
1098 1100 1101 			95206.0 95207.0 95208.68 95216.06 			1.0 1.67999999999 7.38
1113 1112 1115 			95225.0 95226.0 95226.47 95233.46 			1.0 0.470000000001 6.99000000001
1124 1126 1129 			95235.0 95236.0 95243.84 95249.33 			1.0 7.84 5.49000000001
1138 1140 1141 			95255.0 95256.0 95259.59 95266.3 			1.0 3.59 6.71000000001
1152 1154 1155 			95274.0 95275.0 95276.55 95284.42 			1.0 1.55 7.87
1164 1166 1169 			95284.0 95285.0 95294.86 95300.2 			1.0 9.86 5.34
1178 1180 1183 			95303.0 95305.0 95313.57 95317.14 			2.0 8.57000000001 3.56999999999
1192 1194 1196 			95323.0 95324.0 95327.4 95334.1 			1.0 3.39999999999 6.70000000001
1206 1208 1209 			95342.0 95343.0 95344.36 95352.39 			1.0 1.36 8.03
1217 1220 1223 			95352.0 95354.0 95362.61 95368.05 			2.0 8.61 5.44
1232 1234 1237 			95371.0 95373.0 95379.55 95385.07 			2.0 6.55 5.52
1246 1248 1249 			95391.0 95392.0 95395.27 95401.88 			1.0 3.27 6.61
1260 1262 1263 			95410.0 95411.0 95412.11 95418.85 			1.0 1.11 6.74000000001
1272 1274 1277 			95420.0 95421.0 95430.82 95435.85 			1.0 9.82000000001 5.03
1286 1288 1291 			95440.0 95441.0 95446.07 95452.79 			1.0 5.07000000001 6.71999999999
1300 1302 1303 			95459.0 95460.0 95463.02 95469.76 			1.0 3.02 6.73999999999
1304 1314 1317 			95469.0 95470.0 95479.95 95486.88 			1.0 9.95 6.93000000001
1326 1328 1331 			95488.0 95490.0 95498.38 95503.66 			2.0 8.38 5.28
1340 1342 1345 			95508.0 95509.0 95513.85 95520.59 			1.0 4.85000000001 6.73999999999
1354 1356 1357 			95527.0 95528.0 95530.85 95537.59 			1.0 2.85000000001 6.73999999999
1362 1368 1371 			95537.0 95538.0 95547.85 95555.05 			1.0 9.85000000001 7.2
1380 1382 1385 			95557.0 95558.0 95566.71 95571.47 			1.0 8.71000000001 4.75999999999
1394 1396 1399 			95576.0 95577.0 95581.76 95588.41 			1.0 4.75999999999 6.65000000001
1408 1410 1411 			95595.0 95596.0 95598.63 95605.38 			1.0 2.63 6.75
1414 1416 1417 			96833.0 96834.0 96836.67 96843.69 			1.0 2.67 7.02
1419 1428 1431 			96843.0 96845.0 96854.16 96860.93 			2.0 9.16 6.76999999999
1440 1442 1445 			96863.0 96864.0 96871.34 96877.08 			1.0 7.34 5.74000000001
1454 1456 1459 			96882.0 96884.0 96887.42 96893.98 			2.0 3.42 6.56
1468 1470 1471 			96901.0 96902.0 96904.21 96911.55 			1.0 2.21000000001 7.34
1476 1482 1485 			96911.0 96912.0 96921.81 96929.35 			1.0 9.81 7.54000000001
1489 1496 1499 			96931.0 96932.0 96939.7 96944.86 			1.0 7.7 5.16
1508 1510 1512 			96950.0 96951.0 96955.1 96961.85 			1.0 4.10000000001 6.75
1511 1522 1525 			96960.0 96961.0 96972.32 96979.83 			1.0 11.32 7.50999999999
1537 1536 1539 			96989.0 96990.0 96990.09 96997.01 			1.0 0.0899999999965 6.92
1548 1550 1553 			96999.0 97000.0 97007.23 97012.73 			1.0 7.23 5.5
1562 1564 1565 			97018.0 97020.0 97023.1 97029.75 			2.0 3.10000000001 6.64999999999
1577 1576 1579 			97038.0 97040.0 97040.09 97047.66 			2.0 0.0899999999965 7.57000000001
1588 1590 1593 			97047.0 97049.0 97057.86 97063.53 			2.0 8.86 5.67
1602 1604 1607 			97067.0 97068.0 97073.79 97080.53 			1.0 5.78999999999 6.74000000001
1616 1618 1619 			97087.0 97088.0 97090.91 97097.44 			1.0 2.91 6.53
1630 1632 1633 			97106.0 97107.0 97107.63 97114.38 			1.0 0.630000000005 6.75
1642 1644 1647 			97116.0 97117.0 97124.63 97131.41 			1.0 7.63 6.78
1656 1658 1661 			97136.0 97137.0 97141.78 97148.38 			1.0 4.78 6.60000000001
1670 1672 1673 			97155.0 97157.0 97158.84 97165.38 			2.0 1.84 6.54000000001
1685 1684 1687 			97174.0 97176.0 97176.09 97182.52 			2.0 0.0899999999965 6.43000000001
1696 1698 1701 			97184.0 97186.0 97192.91 97199.19 			2.0 6.91 6.28
1710 1712 1715 			97203.0 97204.0 97209.41 97216.12 			1.0 5.41 6.70999999999
1724 1726 1727 			97223.0 97224.0 97226.35 97233.64 			1.0 2.35000000001 7.28999999999
1730 1738 1741 			97233.0 97235.0 97243.98 97250.52 			2.0 8.98 6.54000000001
1750 1752 1755 			97252.0 97253.0 97260.71 97267.0 			1.0 7.71000000001 6.28999999999
1764 1766 1767 			97271.0 97272.0 97277.26 97284.0 			1.0 5.25999999999 6.74000000001
1778 1780 1781 			97292.0 97293.0 97294.4 97301.73 			1.0 1.39999999999 7.33
1793 1792 1795 			97311.0 97312.0 97312.04 97318.81 			1.0 0.0399999999936 6.77
1804 1806 1809 			97320.0 97322.0 97329.02 97334.8 			2.0 7.02 5.78
1818 1820 1821 			97341.0 97343.0 97345.06 97352.38 			2.0 2.06 7.32000000001
1822 1832 1835 			97350.0 97352.0 97362.61 97369.57 			2.0 10.61 6.96000000001
1839 1846 1849 			97369.0 97372.0 97379.8 97386.99 			3.0 7.8 7.19
1858 1860 1863 			97389.0 97390.0 97397.24 97402.65 			1.0 7.24000000001 5.40999999999
1872 1874 1875 			97408.0 97409.0 97412.84 97419.65 			1.0 3.84 6.81
1886 1887 1889 			97428.0 97430.0 97430.48 97437.78 			2.0 0.479999999996 7.3
1901 1900 1903 			97447.0 97448.0 97448.0 97453.49 			1.0 0.0 5.49000000001
1912 1914 1917 			97457.0 97458.0 97463.78 97470.52 			1.0 5.78 6.74000000001
1926 1928 1929 			97477.0 97478.0 97480.84 97487.4 			1.0 2.84 6.56
1940 1942 1943 			97496.0 97497.0 97497.62 97504.36 			1.0 0.619999999995 6.74000000001
1952 1954 1957 			97505.0 97506.0 97514.65 97521.36 			1.0 8.64999999999 6.71000000001
1966 1968 1971 			97525.0 97527.0 97531.74 97538.33 			2.0 4.74000000001 6.59
1980 1982 1983 			97544.0 97545.0 97548.67 97555.23 			1.0 3.67 6.56
1995 1994 1997 			97564.0 97565.0 97565.49 97572.51 			1.0 0.490000000005 7.01999999999
2006 2008 2011 			97574.0 97577.0 97582.91 97589.2 			3.0 5.91 6.28999999999
2020 2022 2025 			97594.0 97595.0 97599.58 97606.23 			1.0 4.58 6.64999999999
2034 2036 2037 			97613.0 97615.0 97616.61 97623.05 			2.0 1.61 6.44
2049 2048 2051 			97632.0 97633.0 97633.48 97640.38 			1.0 0.479999999996 6.90000000001
2060 2062 2065 			97642.0 97643.0 97651.03 97657.02 			1.0 8.03 5.99000000001
2074 2076 2079 			97662.0 97666.0 97667.39 97674.08 			4.0 1.39 6.69
2088 2090 2091 			97681.0 97682.0 97684.36 97691.1 			1.0 2.36 6.74000000001
2103 2102 2105 			97700.0 97701.0 97701.41 97708.55 			1.0 0.410000000003 7.14
2114 2116 2119 			97710.0 97711.0 97718.78 97724.79 			1.0 7.78 6.00999999999
2128 2130 2133 			97730.0 97731.0 97735.05 97741.76 			1.0 4.05 6.70999999999
2131 2142 2145 			97739.0 97740.0 97751.98 97759.92 			1.0 11.98 7.94
2157 2156 2159 			97769.0 97770.0 97770.14 97776.83 			1.0 0.139999999999 6.69
2168 2170 2173 			97778.0 97779.0 97788.73 97792.7 			1.0 9.73 3.97
2182 2184 2185 			97798.0 97800.0 97803.1 97809.75 			2.0 3.10000000001 6.64999999999
2196 2198 2199 			97818.0 97819.0 97820.19 97827.6 			1.0 1.19 7.41
2203 2210 2213 			97827.0 97828.0 97837.86 97844.94 			1.0 9.86 7.08
2222 2224 2227 			97846.0 97847.0 97855.26 97860.5 			1.0 8.25999999999 5.24000000001
2236 2238 2241 			97866.0 97868.0 97870.88 97877.5 			2.0 2.88 6.62
2250 2252 2253 			97885.0 97887.0 97887.76 97895.81 			2.0 0.759999999995 8.05
2265 2264 2267 			97905.0 97906.0 97906.34 97911.44 			1.0 0.339999999997 5.10000000001
2276 2278 2281 			97915.0 97917.0 97923.25 97928.53 			2.0 6.25 5.28
2290 2292 2293 			97934.0 97935.0 97938.88 97945.44 			1.0 3.88 6.56
2297 2304 2307 			97944.0 97945.0 97955.66 97965.85 			1.0 10.66 10.19
2318 2320 2321 			97974.0 97975.0 97976.41 97979.22 			1.0 1.41 2.81
2330 2332 2335 			97983.0 97984.0 97989.45 97996.19 			1.0 5.45 6.74000000001
2344 2346 2347 			98002.0 98003.0 98006.38 98013.34 			1.0 3.38 6.95999999999
2351 2358 2361 			98012.0 98015.0 98023.95 98030.02 			3.0 8.95 6.07000000001
2370 2372 2375 			98031.0 98032.0 98040.23 98046.94 			1.0 8.23 6.71000000001
2384 2386 2388 			98051.0 98052.0 98057.16 98064.23 			1.0 5.16 7.06999999999
2398 2400 2401 			98071.0 98073.0 98074.59 98080.96 			2.0 1.59 6.37000000001
2413 2412 2415 			98090.0 98091.0 98091.34 98098.11 			1.0 0.339999999997 6.77
2424 2426 2429 			98100.0 98100.0 98108.4 98114.87 			0.0 8.39999999999 6.47
2438 2440 2443 			98119.0 98120.0 98125.03 98131.84 			1.0 5.03 6.81
2452 2454 2455 			98139.0 98140.0 98142.03 98149.17 			1.0 2.03 7.14
2467 2466 2469 			98158.0 98159.0 98159.45 98166.44 			1.0 0.449999999997 6.99000000001
2478 2480 2483 			98168.0 98169.0 98178.09 98182.71 			1.0 9.09 4.62000000001
2492 2494 2497 			98187.0 98188.0 98192.93 98199.64 			1.0 4.92999999999 6.71000000001
2506 2508 2509 			98207.0 98208.0 98209.84 98217.16 			1.0 1.84 7.32000000001
2521 2520 2523 			98226.0 98227.0 98227.41 98234.52 			1.0 0.410000000003 7.11
2532 2534 2537 			98236.0 98237.0 98246.06 98250.52 			1.0 9.06 4.46000000001
2546 2548 2551 			98255.0 98256.0 98260.71 98267.37 			1.0 4.71000000001 6.65999999999
2560 2562 2563 			98275.0 98276.0 98277.59 98285.34 			1.0 1.59 7.75
2575 2574 2577 			98294.0 98295.0 98295.53 98301.24 			1.0 0.529999999999 5.71000000001
2586 2588 2591 			98304.0 98305.0 98312.41 98318.2 			1.0 7.41 5.78999999999
2600 2602 2605 			98324.0 98325.0 98328.37 98335.3 			1.0 3.37 6.93000000001
2614 2616 2617 			98343.0 98344.0 98345.55 98353.61 			1.0 1.55 8.06
2623 2628 2631 			98353.0 98354.0 98363.89 98369.16 			1.0 9.89 5.27
2640 2642 2645 			98372.0 98373.0 98379.37 98386.16 			1.0 6.37 6.79000000001
2654 2656 2657 			98392.0 98393.0 98396.37 98403.16 			1.0 3.37 6.79000000001
2668 2670 2671 			98412.0 98412.0 98413.36 98420.05 			0.0 1.36 6.69
2680 2682 2685 			98421.0 98422.0 98431.67 98437.02 			1.0 9.67 5.35000000001
2694 2696 2699 			98441.0 98442.0 98447.23 98454.01 			1.0 5.23 6.78
2708 2710 2711 			98460.0 98461.0 98464.26 98470.92 			1.0 3.25999999999 6.66
2723 2722 2725 			98480.0 98481.0 98481.14 98488.22 			1.0 0.139999999999 7.08
2734 2736 2739 			98490.0 98491.0 98499.84 98504.85 			1.0 8.84 5.01000000001
2748 2750 2753 			98509.0 98510.0 98515.04 98521.7 			1.0 5.03999999999 6.66
2762 2764 2765 			98529.0 98530.0 98531.95 98538.88 			1.0 1.95 6.93000000001
2777 2776 2779 			98548.0 98549.0 98549.1 98556.15 			1.0 0.100000000006 7.04999999999
2788 2790 2793 			98558.0 98559.0 98567.84 98572.69 			1.0 8.84 4.85000000001
2802 2804 2807 			98577.0 98578.0 98582.91 98589.66 			1.0 4.91 6.75
2816 2818 2819 			98597.0 98598.0 98599.98 98607.12 			1.0 1.98 7.14
2831 2830 2833 			98616.0 98617.0 98617.46 98624.52 			1.0 0.460000000006 7.06
2842 2843 2847 			98626.0 98634.0 98636.17 98640.41 			8.0 2.17 4.24000000001
2856 2858 2861 			98645.0 98646.0 98650.67 98657.5 			1.0 4.67 6.83
2870 2872 2873 			98665.0 98666.0 98667.76 98675.54 			1.0 1.75999999999 7.78
2884 2886 2887 			98684.0 98685.0 98685.77 98692.62 			1.0 0.770000000004 6.84999999999
2896 2898 2901 			98694.0 98695.0 98704.22 98708.28 			1.0 9.22 4.06
2910 2912 2915 			98713.0 98714.0 98718.48 98725.25 			1.0 4.48 6.77
2924 2926 2927 			98733.0 98734.0 98735.44 98743.53 			1.0 1.44 8.09
2939 2938 2941 			98752.0 98753.0 98753.76 98759.06 			1.0 0.759999999995 5.3
2950 2952 2955 			98762.0 98763.0 98769.26 98776.03 			1.0 6.25999999999 6.77
2964 2966 2969 			98782.0 98783.0 98786.29 98792.94 			1.0 3.28999999999 6.65000000001
