3 4 7 8 9 10 11 23 	96580.00 96580.47 96581.30 96581.45 96581.79 96581.88 96582.28 96592.01 	0.47 0.83 0.15 0.34 0.09 0.40 9.73
14 16 19 20 21 22 24 35 	96588.00 96588.65 96589.14 96589.32 96589.70 96589.78 96592.16 96602.88 	0.65 0.49 0.18 0.38 0.08 2.38 10.72
26 28 31 32 33 34 36 49 	96598.00 96598.33 96598.75 96598.94 96599.34 96599.42 96602.96 96619.81 	0.33 0.42 0.19 0.40 0.08 3.54 16.85
38 40 43 44 45 46 50 61 	96607.00 96608.09 96608.49 96608.64 96608.95 96609.04 96619.96 96636.78 	1.09 0.40 0.15 0.31 0.09 10.92 16.82
47 52 55 56 57 58 62 75 	96617.00 96620.48 96621.00 96621.15 96622.07 96622.16 96636.94 96653.78 	3.48 0.52 0.15 0.92 0.09 14.78 16.84
59 64 69 70 71 72 76 89 	96627.00 96637.42 96638.37 96638.58 96639.01 96639.10 96653.94 96670.69 	10.42 0.95 0.21 0.43 0.09 14.84 16.75
73 78 81 82 83 84 90 103 	96646.00 96654.45 96654.91 96655.06 96655.91 96656.01 96670.84 96687.69 	8.45 0.46 0.15 0.85 0.10 14.83 16.85
87 92 95 96 97 98 104 115 	96666.00 96671.14 96671.60 96671.81 96673.89 96673.98 96687.84 96705.08 	5.14 0.46 0.21 2.08 0.09 13.86 17.24
101 106 109 110 111 112 116 129 	96686.00 96688.11 96688.57 96688.75 96689.09 96689.15 96705.20 96722.32 	2.11 0.46 0.18 0.34 0.06 16.05 17.12
113 118 123 124 127 128 130 143 	96695.00 96715.12 96716.00 96716.58 96717.77 96717.90 96722.57 96738.49 	20.12 0.88 0.58 1.19 0.13 4.67 15.92
125 132 135 136 137 138 144 157 	96717.00 96722.72 96723.08 96723.51 96723.97 96724.03 96738.62 96755.47 	5.72 0.36 0.43 0.46 0.06 14.59 16.85
141 146 149 150 151 152 158 169 	96734.00 96738.89 96739.29 96739.56 96739.96 96740.02 96755.58 96772.86 	4.89 0.40 0.27 0.40 0.06 15.56 17.28
155 160 163 164 165 166 170 183 	96754.00 96755.83 96756.20 96756.35 96756.99 96757.05 96773.02 96790.53 	1.83 0.37 0.15 0.64 0.06 15.97 17.51
167 172 175 176 177 178 184 197 	96764.00 96773.28 96773.71 96773.86 96774.29 96774.38 96790.90 96806.34 	9.28 0.43 0.15 0.43 0.09 16.52 15.44
181 186 189 190 191 192 198 211 	96783.00 96791.17 96791.56 96791.75 96792.05 96792.12 96806.48 96823.27 	8.17 0.39 0.19 0.30 0.07 14.36 16.79
195 200 203 204 205 206 212 223 	96803.00 96806.73 96807.10 96807.25 96807.56 96807.62 96823.43 96841.52 	3.73 0.37 0.15 0.31 0.06 15.81 18.09
209 214 217 218 219 220 224 237 	96822.00 96823.73 96824.19 96824.37 96824.98 96825.07 96841.68 96857.23 	1.73 0.46 0.18 0.61 0.09 16.61 15.55
221 226 229 230 233 234 238 251 	96832.00 96842.04 96842.53 96842.83 96845.58 96845.68 96857.36 96874.14 	10.04 0.49 0.30 2.75 0.10 11.68 16.78
235 240 243 244 245 246 252 263 	96851.00 96857.79 96858.18 96858.37 96858.83 96858.91 96874.27 96891.11 	6.79 0.39 0.19 0.46 0.08 15.36 16.84
249 254 257 258 259 260 265 277 	96871.00 96874.51 96874.91 96875.15 96875.43 96875.52 96891.27 96908.09 	3.51 0.40 0.24 0.28 0.09 15.75 16.82
264 268 271 272 273 274 278 291 	96891.00 96891.66 96892.09 96892.27 96892.58 96892.66 96908.20 96925.02 	0.66 0.43 0.18 0.31 0.08 15.54 16.82
275 280 283 284 285 286 292 305 	96900.00 96908.63 96909.06 96909.27 96909.57 96909.66 96925.17 96941.99 	8.63 0.43 0.21 0.30 0.09 15.51 16.82
289 294 297 298 299 300 306 317 	96920.00 96925.57 96926.03 96926.15 96926.52 96926.57 96942.14 96958.92 	5.57 0.46 0.12 0.37 0.05 15.57 16.78
303 308 311 312 313 314 318 331 	96939.00 96942.41 96942.90 96943.05 96943.60 96943.66 96959.05 96976.20 	3.41 0.49 0.15 0.55 0.06 15.39 17.15
315 320 324 325 327 328 332 345 	96949.00 96959.32 96959.72 96959.90 96960.23 96960.32 96976.59 96992.86 	10.32 0.40 0.18 0.33 0.09 16.27 16.27
329 334 337 338 341 342 346 359 	96969.00 96978.61 96979.03 96979.16 96980.41 96980.50 96993.01 97009.80 	9.61 0.42 0.13 1.25 0.09 12.51 16.79
343 348 351 354 355 356 360 371 	96988.00 96993.62 96994.14 96997.92 96999.82 97000.19 97009.95 97027.07 	5.62 0.52 3.78 1.90 0.37 9.76 17.12
357 362 365 366 367 368 372 385 	97008.00 97010.62 97011.23 97011.44 97012.73 97013.19 97027.22 97044.41 	2.62 0.61 0.21 1.29 0.46 14.03 17.19
369 374 379 380 381 382 386 399 	97018.00 97027.89 97028.35 97028.78 97029.14 97029.23 97044.68 97060.66 	9.89 0.46 0.43 0.36 0.09 15.45 15.98
383 388 391 392 393 394 400 413 	97037.00 97044.92 97045.38 97045.56 97046.54 97046.60 97060.82 97077.61 	7.92 0.46 0.18 0.98 0.06 14.22 16.79
397 402 405 406 409 410 414 425 	97057.00 97061.13 97061.61 97061.80 97067.93 97068.08 97077.79 97094.91 	4.13 0.48 0.19 6.13 0.15 9.71 17.12
411 416 419 420 421 422 426 437 	97076.00 97078.64 97079.13 97079.28 97079.55 97079.65 97095.09 97112.58 	2.64 0.49 0.15 0.27 0.10 15.44 17.49
423 428 431 432 433 434 446 453 	97086.00 97095.86 97096.34 97096.50 97096.86 97096.96 97114.77 97128.62 	9.86 0.48 0.16 0.36 0.10 17.81 13.85
438 440 443 444 449 450 454 467 	97105.00 97113.89 97114.32 97114.47 97116.55 97116.63 97128.81 97145.45 	8.89 0.43 0.15 2.08 0.08 12.18 16.64
451 456 459 460 461 462 468 479 	97125.00 97129.24 97129.70 97129.85 97130.59 97130.68 97145.60 97163.72 	4.24 0.46 0.15 0.74 0.09 14.92 18.12
465 470 473 474 475 476 480 493 	97145.00 97145.94 97146.42 97146.64 97147.00 97147.09 97163.88 97179.35 	0.94 0.48 0.22 0.36 0.09 16.79 15.47
477 482 485 486 489 490 494 507 	97155.00 97164.22 97164.70 97165.04 97166.41 97166.50 97179.50 97196.29 	9.22 0.48 0.34 1.37 0.09 13.00 16.79
491 496 499 500 501 502 508 520 	97174.00 97179.87 97181.58 97182.13 97183.28 97183.50 97196.48 97213.50 	5.87 1.71 0.55 1.15 0.22 12.98 17.02
505 510 513 514 515 516 521 533 	97194.00 97196.75 97197.14 97197.30 97197.91 97198.00 97213.62 97230.38 	2.75 0.39 0.16 0.61 0.09 15.62 16.76
519 524 527 528 529 530 534 547 	97213.00 97213.87 97214.23 97214.39 97215.09 97215.24 97230.77 97247.16 	0.87 0.36 0.16 0.70 0.15 15.53 16.39
531 536 539 540 541 542 548 561 	97223.00 97231.20 97231.63 97231.81 97232.15 97232.24 97247.28 97264.13 	8.20 0.43 0.18 0.34 0.09 15.04 16.85
545 550 553 554 555 556 562 573 	97242.00 97247.56 97248.02 97248.20 97248.53 97248.62 97264.26 97281.06 	5.56 0.46 0.18 0.33 0.09 15.64 16.80
559 564 567 568 569 570 574 587 	97262.00 97264.50 97264.89 97265.01 97265.38 97265.45 97281.19 97298.52 	2.50 0.39 0.12 0.37 0.07 15.74 17.33
571 576 581 582 583 584 588 601 	97272.00 97281.56 97281.95 97282.10 97282.48 97282.56 97298.80 97315.01 	9.56 0.39 0.15 0.38 0.08 16.24 16.21
585 590 593 594 595 596 602 615 	97291.00 97299.04 97299.47 97299.65 97299.98 97300.08 97315.15 97331.97 	8.04 0.43 0.18 0.33 0.10 15.07 16.82
599 604 607 608 609 610 616 627 	97311.00 97315.49 97315.92 97316.10 97316.98 97317.08 97332.12 97349.15 	4.49 0.43 0.18 0.88 0.10 15.04 17.03
613 618 621 622 623 624 628 641 	97330.00 97332.46 97332.89 97333.04 97333.56 97333.65 97349.27 97366.67 	2.46 0.43 0.15 0.52 0.09 15.62 17.40
625 630 633 635 637 638 642 655 	97340.00 97349.58 97350.01 97350.16 97350.95 97351.04 97367.01 97382.81 	9.58 0.43 0.15 0.79 0.09 15.97 15.80
639 644 647 648 651 652 656 669 	97359.00 97369.11 97369.60 97369.78 97371.06 97371.15 97382.97 97399.75 	10.11 0.49 0.18 1.28 0.09 11.82 16.78
653 658 661 662 663 664 670 681 	97379.00 97383.39 97383.79 97383.94 97384.30 97384.37 97399.91 97417.27 	4.39 0.40 0.15 0.36 0.07 15.54 17.36
667 672 675 676 677 678 682 695 	97398.00 97400.36 97400.79 97400.94 97401.27 97401.34 97417.45 97434.97 	2.36 0.43 0.15 0.33 0.07 16.11 17.52
679 684 687 688 691 692 696 709 	97408.00 97417.79 97418.27 97418.46 97419.74 97419.83 97435.39 97450.59 	9.79 0.48 0.19 1.28 0.09 15.56 15.20
693 698 701 702 705 706 710 723 	97428.00 97435.67 97437.19 97437.38 97438.66 97438.79 97450.74 97467.55 	7.67 1.52 0.19 1.28 0.13 11.95 16.81
707 712 715 716 717 718 724 735 	97447.00 97451.17 97451.63 97451.78 97452.12 97452.21 97467.68 97485.88 	4.17 0.46 0.15 0.34 0.09 15.47 18.20
721 726 729 730 731 732 736 749 	97467.00 97468.08 97468.44 97468.60 97468.88 97468.93 97486.09 97501.46 	1.08 0.36 0.16 0.28 0.05 17.16 15.37
733 738 741 743 745 746 750 763 	97476.00 97486.76 97487.37 97487.61 97488.46 97488.59 97501.62 97518.44 	10.76 0.61 0.24 0.85 0.13 13.03 16.82
747 752 755 756 757 758 764 775 	97497.00 97502.04 97502.44 97502.59 97503.02 97503.45 97518.55 97535.40 	5.04 0.40 0.15 0.43 0.43 15.10 16.85
761 766 769 770 771 772 776 789 	97516.00 97518.98 97519.38 97519.53 97520.99 97521.05 97535.49 97552.34 	2.98 0.40 0.15 1.46 0.06 14.44 16.85
777 780 783 784 785 786 790 803 	97535.00 97535.95 97536.38 97536.50 97536.99 97537.05 97552.49 97569.30 	0.95 0.43 0.12 0.49 0.06 15.44 16.81
787 792 795 796 797 798 804 817 	97545.00 97552.95 97553.34 97553.50 97554.02 97554.32 97569.45 97586.27 	7.95 0.39 0.16 0.52 0.30 15.13 16.82
801 806 809 810 811 812 818 829 	97565.00 97570.01 97570.47 97570.65 97571.13 97572.23 97586.40 97603.20 	5.01 0.46 0.18 0.48 1.10 14.17 16.80
815 820 823 824 825 826 830 843 	97584.00 97586.85 97587.25 97587.49 97587.77 97587.83 97603.33 97620.64 	2.85 0.40 0.24 0.28 0.06 15.50 17.31
827 832 837 838 839 840 844 857 	97594.00 97603.82 97604.25 97604.37 97604.64 97604.74 97620.76 97637.12 	9.82 0.43 0.12 0.27 0.10 16.02 16.36
841 846 849 850 851 852 858 871 	97614.00 97621.31 97621.73 97621.92 97622.50 97622.55 97637.23 97654.05 	7.31 0.42 0.19 0.58 0.05 14.68 16.82
855 860 863 864 865 866 872 883 	97633.00 97637.70 97638.09 97638.21 97638.49 97638.55 97654.20 97671.32 	4.70 0.39 0.12 0.28 0.06 15.65 17.12
869 874 877 878 879 880 884 897 	97652.00 97654.60 97654.97 97655.21 97655.88 97655.95 97671.45 97688.99 	2.60 0.37 0.24 0.67 0.07 15.50 17.54
881 886 889 892 893 894 898 911 	97662.00 97671.94 97672.36 97672.52 97673.25 97673.34 97689.15 97704.96 	9.94 0.42 0.16 0.73 0.09 15.81 15.81
900 902 905 906 907 908 912 925 	97691.00 97691.16 97692.84 97693.08 97693.85 97693.91 97705.08 97721.89 	0.16 1.68 0.24 0.77 0.06 11.17 16.81
909 914 917 918 919 920 926 937 	97701.00 97705.47 97705.90 97706.09 97706.33 97706.41 97722.02 97739.56 	4.47 0.43 0.19 0.24 0.08 15.61 17.54
923 928 931 932 933 934 938 951 	97720.00 97722.44 97722.84 97723.08 97723.41 97723.48 97739.69 97757.11 	2.44 0.40 0.24 0.33 0.07 16.21 17.42
935 940 944 946 947 948 952 965 	97730.00 97740.11 97740.54 97740.69 97740.96 97741.06 97757.23 97772.77 	10.11 0.43 0.15 0.27 0.10 16.17 15.54
949 954 957 958 959 960 966 979 	97750.00 97757.69 97758.09 97758.24 97758.55 97758.61 97772.89 97789.83 	7.69 0.40 0.15 0.31 0.06 14.28 16.94
963 968 971 972 973 974 980 991 	97769.00 97773.32 97773.71 97773.86 97774.14 97774.20 97789.95 97808.07 	4.32 0.39 0.15 0.28 0.06 15.75 18.12
977 982 985 986 987 988 992 1005 	97789.00 97790.34 97790.74 97790.86 97791.14 97791.23 97808.20 97823.64 	1.34 0.40 0.12 0.28 0.09 16.97 15.44
989 994 999 1000 1001 1002 1006 1019 	97799.00 97808.65 97809.08 97809.20 97809.51 97809.57 97823.79 97840.58 	9.65 0.43 0.12 0.31 0.06 14.22 16.79
1003 1008 1011 1012 1013 1014 1020 1031 	97818.00 97824.31 97824.74 97824.92 97825.32 97825.41 97840.70 97857.55 	6.31 0.43 0.18 0.40 0.09 15.29 16.85
1017 1022 1025 1026 1027 1028 1032 1045 	97838.00 97841.19 97841.58 97841.71 97842.20 97842.26 97857.63 97874.63 	3.19 0.39 0.13 0.49 0.06 15.37 17.00
1034 1035 1039 1040 1041 1042 1046 1059 	97858.00 97858.12 97858.52 97858.67 97859.28 97859.34 97874.79 97891.45 	0.12 0.40 0.15 0.61 0.06 15.45 16.66
1043 1048 1051 1052 1053 1054 1060 1073 	97867.00 97875.31 97875.76 97875.95 97876.28 97876.37 97891.57 97908.41 	8.31 0.45 0.19 0.33 0.09 15.20 16.84
1057 1062 1065 1066 1067 1068 1074 1085 	97887.00 97892.03 97892.40 97892.58 97892.85 97892.91 97908.54 97925.36 	5.03 0.37 0.18 0.27 0.06 15.63 16.82
1071 1076 1079 1080 1081 1082 1086 1099 	97906.00 97908.97 97909.36 97909.52 97909.79 97909.85 97925.51 97942.62 	2.97 0.39 0.16 0.27 0.06 15.66 17.11
1083 1088 1093 1094 1095 1096 1100 1113 	97916.00 97925.96 97926.39 97926.54 97927.25 97927.30 97942.75 97959.26 	9.96 0.43 0.15 0.71 0.05 15.45 16.51
1097 1102 1105 1106 1107 1108 1114 1127 	97935.00 97943.24 97943.66 97943.79 97944.09 97944.18 97959.41 97976.23 	8.24 0.42 0.13 0.30 0.09 15.23 16.82
1111 1116 1119 1120 1121 1122 1128 1139 	97955.00 97959.87 97960.27 97960.39 97960.66 97960.76 97976.35 97993.68 	4.87 0.40 0.12 0.27 0.10 15.59 17.33
1125 1130 1133 1134 1135 1136 1140 1153 	97974.00 97976.87 97977.23 97977.39 97977.88 97977.93 97993.84 98011.17 	2.87 0.36 0.16 0.49 0.05 15.91 17.33
1137 1142 1145 1146 1149 1150 1154 1167 	97985.00 97994.38 97994.90 97995.09 97997.04 97997.16 98011.29 98027.10 	9.38 0.52 0.19 1.95 0.12 14.13 15.81
1151 1156 1159 1160 1161 1162 1168 1181 	98004.00 98011.78 98012.15 98012.30 98012.76 98012.81 98027.23 98044.03 	7.78 0.37 0.15 0.46 0.05 14.42 16.80
1165 1170 1173 1174 1175 1176 1182 1193 	98023.00 98027.65 98028.05 98028.20 98029.17 98029.27 98044.19 98061.62 	4.65 0.40 0.15 0.97 0.10 14.92 17.43
1179 1184 1187 1188 1189 1190 1194 1207 	98043.00 98044.71 98045.17 98045.32 98045.89 98045.99 98061.73 98079.38 	1.71 0.46 0.15 0.57 0.10 15.74 17.65
1191 1196 1201 1202 1203 1204 1208 1221 	98052.00 98062.19 98062.96 98063.11 98063.56 98063.66 98079.50 98094.91 	10.19 0.77 0.15 0.45 0.10 15.84 15.41
1205 1210 1213 1214 1215 1216 1222 1235 	98072.00 98080.05 98080.44 98080.57 98081.48 98081.55 98095.03 98111.85 	8.05 0.39 0.13 0.91 0.07 13.48 16.82
1219 1224 1227 1228 1229 1230 1236 1247 	98092.00 98095.61 98096.01 98096.22 98096.59 98096.65 98111.97 98128.84 	3.61 0.40 0.21 0.37 0.06 15.32 16.87
1233 1238 1241 1242 1243 1244 1248 1261 	98111.00 98112.52 98112.92 98113.07 98113.41 98113.46 98128.97 98145.78 	1.52 0.40 0.15 0.34 0.05 15.51 16.81
1245 1250 1253 1254 1255 1256 1262 1275 	98121.00 98129.49 98129.94 98130.16 98130.55 98130.65 98145.94 98162.72 	8.49 0.45 0.22 0.39 0.10 15.29 16.78
1259 1264 1267 1268 1269 1270 1276 1287 	98141.00 98146.42 98146.88 98147.06 98147.40 98147.46 98162.87 98179.72 	5.42 0.46 0.18 0.34 0.06 15.41 16.85
1273 1278 1281 1282 1283 1284 1288 1301 	98160.00 98163.36 98163.85 98164.00 98164.73 98164.80 98179.84 98196.84 	3.36 0.49 0.15 0.73 0.07 15.04 17.00
1285 1290 1293 1294 1297 1298 1302 1315 	98170.00 98180.36 98180.85 98181.03 98182.01 98182.09 98196.98 98213.59 	10.36 0.49 0.18 0.98 0.08 14.89 16.61
1299 1304 1307 1308 1309 1310 1316 1329 	98189.00 98197.45 98197.88 98198.09 98199.64 98199.71 98213.72 98230.55 	8.45 0.43 0.21 1.55 0.07 14.01 16.83
1313 1318 1321 1322 1323 1324 1330 1341 	98209.00 98214.17 98214.60 98214.72 98214.99 98215.06 98230.68 98247.62 	5.17 0.43 0.12 0.27 0.07 15.62 16.94
1327 1332 1335 1336 1337 1338 1342 1355 	98228.00 98231.14 98231.51 98231.66 98231.99 98232.05 98247.77 98265.23 	3.14 0.37 0.15 0.33 0.06 15.72 17.46
1339 1344 1347 1348 1351 1352 1356 1369 	98238.00 98248.35 98248.81 98248.99 98249.75 98249.85 98265.38 98281.43 	10.35 0.46 0.18 0.76 0.10 15.53 16.05
1353 1358 1361 1362 1365 1366 1370 1383 	98258.00 98267.55 98267.94 98268.13 98268.77 98268.83 98281.55 98298.38 	9.55 0.39 0.19 0.64 0.06 12.72 16.83
1367 1372 1375 1376 1377 1378 1384 1395 	98277.00 98281.95 98282.35 98282.47 98282.74 98282.80 98298.52 98315.88 	4.95 0.40 0.12 0.27 0.06 15.72 17.36
1381 1386 1389 1390 1391 1392 1396 1409 	98297.00 98299.01 98299.50 98299.68 98300.02 98300.11 98316.01 98333.44 	2.01 0.49 0.18 0.34 0.09 15.90 17.43
1393 1398 1401 1402 1405 1406 1410 1423 	98307.00 98316.44 98316.86 98317.02 98318.05 98318.15 98333.55 98349.24 	9.44 0.42 0.16 1.03 0.10 15.40 15.69
1407 1412 1415 1416 1417 1418 1424 1437 	98326.00 98334.01 98334.41 98334.53 98334.87 98334.93 98349.37 98366.21 	8.01 0.40 0.12 0.34 0.06 14.44 16.84
1421 1426 1429 1430 1431 1432 1438 1449 	98346.00 98349.88 98350.28 98350.43 98350.98 98351.05 98366.37 98384.22 	3.88 0.40 0.15 0.55 0.07 15.32 17.85
1435 1440 1443 1444 1445 1446 1450 1463 	98365.00 98366.97 98367.86 98368.07 98369.29 98369.36 98384.38 98400.12 	1.97 0.89 0.21 1.22 0.07 15.02 15.74
1447 1452 1455 1456 1459 1460 1464 1477 	98375.00 98385.01 98385.47 98385.62 98387.15 98387.24 98400.27 98417.05 	10.01 0.46 0.15 1.53 0.09 13.03 16.78
1461 1466 1469 1470 1471 1472 1478 1491 	98395.00 98400.82 98401.34 98401.52 98401.88 98401.95 98417.20 98434.20 	5.82 0.52 0.18 0.36 0.07 15.25 17.00
1475 1480 1483 1484 1485 1486 1492 1503 	98414.00 98417.69 98418.15 98418.33 98418.67 98418.73 98434.36 98450.95 	3.69 0.46 0.18 0.34 0.06 15.63 16.59
1489 1494 1497 1498 1499 1500 1504 1517 	98434.00 98434.91 98435.36 98435.55 98435.85 98435.94 98451.11 98467.93 	0.91 0.45 0.19 0.30 0.09 15.17 16.82
1501 1506 1509 1510 1511 1512 1518 1531 	98443.00 98451.60 98452.09 98452.24 98452.58 98452.67 98468.08 98484.90 	8.60 0.49 0.15 0.34 0.09 15.41 16.82
1515 1520 1523 1524 1525 1526 1532 1543 	98463.00 98468.57 98470.31 98470.46 98470.73 98470.80 98485.02 98501.83 	5.57 1.74 0.15 0.27 0.07 14.22 16.81
1529 1534 1537 1538 1539 1540 1544 1557 	98482.00 98485.44 98485.84 98485.99 98486.27 98486.33 98501.95 98518.91 	3.44 0.40 0.15 0.28 0.06 15.62 16.96
1541 1546 1549 1550 1553 1554 1558 1571 	98492.00 98502.41 98502.78 98502.90 98503.51 98503.57 98519.07 98535.77 	10.41 0.37 0.12 0.61 0.06 15.50 16.70
1555 1560 1563 1564 1565 1566 1572 1585 	98512.00 98519.71 98520.20 98520.39 98521.48 98521.58 98535.89 98552.82 	7.71 0.49 0.19 1.09 0.10 14.31 16.93
1569 1574 1577 1578 1579 1580 1586 1597 	98531.00 98536.41 98536.87 98537.11 98538.88 98538.97 98552.98 98569.80 	5.41 0.46 0.24 1.77 0.09 14.01 16.82
1583 1588 1591 1592 1593 1594 1598 1611 	98551.00 98553.65 98554.17 98554.38 98555.42 98555.48 98569.91 98587.44 	2.65 0.52 0.21 1.04 0.06 14.43 17.53
1595 1600 1603 1604 1607 1608 1612 1625 	98561.00 98570.43 98570.86 98571.01 98571.62 98571.71 98587.55 98603.70 	9.43 0.43 0.15 0.61 0.09 15.84 16.15
1609 1614 1617 1618 1619 1620 1626 1637 	98580.00 98588.01 98588.47 98588.62 98588.90 98588.96 98603.88 98620.55 	8.01 0.46 0.15 0.28 0.06 14.92 16.67
1623 1628 1631 1632 1633 1634 1638 1651 	98600.00 98604.43 98604.92 98605.04 98605.56 98605.62 98620.70 98638.15 	4.43 0.49 0.12 0.52 0.06 15.08 17.45
1639 1642 1645 1646 1647 1648 1652 1665 	98619.00 98623.99 98624.42 98624.57 98625.30 98625.37 98638.30 98655.64 	4.99 0.43 0.15 0.73 0.07 12.93 17.34
1649 1654 1657 1658 1659 1662 1666 1679 	98629.00 98638.76 98639.19 98639.37 98640.41 98640.68 98655.77 98671.38 	9.76 0.43 0.18 1.04 0.27 15.09 15.61
1663 1668 1671 1672 1673 1674 1680 1693 	98648.00 98656.22 98656.65 98656.80 98657.45 98657.71 98671.54 98688.35 	8.22 0.43 0.15 0.65 0.26 13.83 16.81
1677 1682 1685 1686 1687 1688 1694 1705 	98668.00 98672.21 98672.70 98672.85 98673.52 98673.67 98688.48 98706.42 	4.21 0.49 0.15 0.67 0.15 14.81 17.94
1691 1696 1699 1700 1701 1702 1706 1719 	98688.00 98689.12 98689.61 98689.91 98691.34 98691.44 98706.55 98722.26 	1.12 0.49 0.30 1.43 0.10 15.11 15.71
1703 1708 1711 1714 1715 1716 1720 1733 	98697.00 98707.06 98707.46 98707.64 98709.62 98709.72 98722.38 98739.20 	10.06 0.40 0.18 1.98 0.10 12.66 16.82
1722 1724 1727 1728 1729 1730 1734 1745 	98726.00 98726.38 98728.64 98729.64 98730.10 98730.20 98739.34 98756.44 	0.38 2.26 1.00 0.46 0.10 9.14 17.10
1731 1736 1739 1740 1741 1742 1746 1759 	98736.00 98739.93 98740.51 98740.69 98741.12 98741.20 98756.59 98773.13 	3.93 0.58 0.18 0.43 0.08 15.39 16.54
1747 1750 1753 1754 1755 1756 1760 1773 	98756.00 98757.35 98758.18 98758.48 98759.43 98759.80 98773.25 98790.07 	1.35 0.83 0.30 0.95 0.37 13.45 16.82
1757 1762 1765 1766 1769 1770 1774 1787 	98766.00 98774.17 98774.63 98774.81 98777.28 98777.53 98790.22 98807.04 	8.17 0.46 0.18 2.47 0.25 12.69 16.82
1771 1776 1779 1780 1781 1782 1788 1799 	98786.00 98790.80 98791.26 98791.44 98792.63 98792.73 98807.16 98824.00 	4.80 0.46 0.18 1.19 0.10 14.43 16.84
1785 1790 1793 1794 1795 1796 1800 1813 	98805.00 98807.68 98808.11 98808.29 98808.62 98808.72 98824.12 98841.19 	2.68 0.43 0.18 0.33 0.10 15.40 17.07
1802 1803 1807 1808 1809 1810 1814 1827 	98824.00 98824.65 98825.10 98825.32 98825.90 98825.98 98841.30 98857.91 	0.65 0.45 0.22 0.58 0.08 15.32 16.61
1811 1816 1819 1820 1823 1824 1828 1841 	98834.00 98843.32 98844.30 98844.48 98845.34 98845.42 98858.03 98874.88 	9.32 0.98 0.18 0.86 0.08 12.61 16.85
1825 1830 1833 1834 1835 1836 1842 1853 	98854.00 98858.34 98858.92 98859.16 98860.87 98860.97 98875.09 98892.24 	4.34 0.58 0.24 1.71 0.10 14.12 17.15
1839 1844 1847 1848 1849 1850 1854 1867 	98873.00 98875.61 98876.19 98876.46 98877.17 98877.26 98892.37 98909.66 	2.61 0.58 0.27 0.71 0.09 15.11 17.29
1855 1858 1861 1862 1863 1864 1868 1881 	98893.00 98894.29 98895.17 98895.54 98896.40 98896.48 98909.82 98925.73 	1.29 0.88 0.37 0.86 0.08 13.34 15.91
1865 1870 1873 1874 1875 1876 1882 1894 	98902.00 98910.92 98911.38 98911.56 98912.51 98912.60 98925.87 98942.69 	8.92 0.46 0.18 0.95 0.09 13.27 16.82
1879 1884 1887 1888 1889 1890 1896 1907 	98922.00 98926.36 98926.82 98926.97 98927.30 98927.37 98942.84 98960.54 	4.36 0.46 0.15 0.33 0.07 15.47 17.70
1893 1898 1901 1902 1903 1904 1908 1921 	98942.00 98943.94 98944.52 98944.76 98945.28 98945.43 98960.70 98978.00 	1.94 0.58 0.24 0.52 0.15 15.27 17.30
1910 1911 1915 1916 1917 1918 1922 1935 	98961.00 98961.58 98961.98 98962.13 98962.40 98962.46 98978.12 98993.53 	0.58 0.40 0.15 0.27 0.06 15.66 15.41
1919 1924 1927 1928 1929 1930 1936 1949 	98971.00 98978.58 98979.00 98979.16 98979.46 98979.52 98993.65 99010.49 	7.58 0.42 0.16 0.30 0.06 14.13 16.84
1933 1938 1941 1942 1943 1944 1950 1961 	98990.00 98994.08 98994.45 98994.60 98994.84 98994.94 99010.62 99027.44 	4.08 0.37 0.15 0.24 0.10 15.68 16.82
1947 1952 1955 1956 1957 1958 1962 1975 	99010.00 99011.11 99011.57 99011.75 99012.09 99012.15 99027.59 99044.40 	1.11 0.46 0.18 0.34 0.06 15.44 16.81
1959 1964 1967 1968 1969 1970 1976 1989 	99020.00 99028.05 99028.63 99028.81 99029.45 99029.82 99044.55 99061.37 	8.05 0.58 0.18 0.64 0.37 14.73 16.82
1973 1978 1981 1982 1983 1984 1990 2003 	99039.00 99045.07 99045.53 99045.72 99048.59 99048.68 99061.49 99078.52 	6.07 0.46 0.19 2.87 0.09 12.81 17.03
1987 1992 1995 1996 1997 1998 2004 2015 	99058.00 99061.95 99062.47 99062.87 99063.45 99063.54 99078.68 99095.30 	3.95 0.52 0.40 0.58 0.09 15.14 16.62
2001 2006 2009 2010 2011 2012 2016 2029 	99077.00 99079.22 99080.29 99080.57 99081.30 99081.45 99095.48 99112.25 	2.22 1.07 0.28 0.73 0.15 14.03 16.77
2017 2020 2023 2024 2025 2026 2030 2043 	99097.00 99099.52 99100.10 99100.31 99100.91 99101.07 99112.36 99129.18 	2.52 0.58 0.21 0.60 0.16 11.29 16.82
2027 2032 2037 2038 2039 2040 2044 2055 	99107.00 99113.01 99118.19 99118.47 99118.99 99119.05 99129.30 99146.12 	6.01 5.18 0.28 0.52 0.06 10.25 16.82
2041 2046 2049 2050 2051 2052 2056 2069 	99126.00 99130.10 99130.55 99130.71 99131.20 99131.29 99146.27 99163.57 	4.10 0.45 0.16 0.49 0.09 14.98 17.30
2057 2060 2063 2064 2065 2066 2070 2083 	99146.00 99147.37 99147.80 99147.98 99148.32 99148.38 99163.76 99180.05 	1.37 0.43 0.18 0.34 0.06 15.38 16.29
2071 2074 2077 2078 2079 2080 2084 2097 	99166.00 99166.93 99167.85 99168.06 99168.70 99168.77 99180.17 99197.02 	0.93 0.92 0.21 0.64 0.07 11.40 16.85
2081 2086 2089 2090 2091 2092 2098 2109 	99175.00 99180.57 99181.03 99181.21 99183.41 99183.57 99197.17 99214.35 	5.57 0.46 0.18 2.20 0.16 13.60 17.18
2095 2100 2103 2104 2105 2106 2110 2123 	99195.00 99197.75 99199.10 99199.77 99200.71 99200.80 99214.51 99231.81 	2.75 1.35 0.67 0.94 0.09 13.71 17.30
2111 2114 2117 2118 2119 2120 2124 2137 	99215.00 99215.91 99216.46 99216.71 99219.48 99219.57 99232.00 99247.87 	0.91 0.55 0.25 2.77 0.09 12.43 15.87
2125 2128 2131 2132 2133 2134 2138 2151 	99234.00 99235.17 99235.78 99235.99 99236.55 99236.60 99247.99 99264.83 	1.17 0.61 0.21 0.56 0.05 11.39 16.84
2135 2140 2143 2144 2145 2146 2152 2163 	99244.00 99248.47 99249.08 99249.33 99249.76 99249.81 99264.92 99282.66 	4.47 0.61 0.25 0.43 0.05 15.11 17.74
2149 2154 2157 2158 2159 2160 2164 2177 	99263.00 99265.69 99266.63 99266.78 99267.70 99267.79 99282.77 99298.73 	2.69 0.94 0.15 0.92 0.09 14.98 15.96
2165 2168 2171 2172 2173 2174 2178 2191 	99283.00 99283.23 99283.63 99283.78 99285.58 99285.70 99298.92 99315.67 	0.23 0.40 0.15 1.80 0.12 13.22 16.75
2175 2180 2183 2184 2185 2186 2192 2205 	99293.00 99299.50 99300.05 99300.42 99301.05 99301.18 99315.83 99332.65 	6.50 0.55 0.37 0.63 0.13 14.65 16.82
2189 2194 2197 2198 2199 2200 2206 2217 	99312.00 99316.38 99316.89 99317.14 99317.48 99317.56 99332.73 99350.89 	4.38 0.51 0.25 0.34 0.08 15.17 18.16
2203 2208 2211 2212 2213 2214 2218 2231 	99332.00 99333.16 99333.53 99333.65 99333.92 99333.98 99350.98 99366.55 	1.16 0.37 0.12 0.27 0.06 17.00 15.57
2215 2220 2225 2226 2227 2228 2232 2245 	99342.00 99351.41 99352.08 99352.23 99352.53 99352.60 99366.70 99383.52 	9.41 0.67 0.15 0.30 0.07 14.10 16.82
2229 2234 2237 2238 2239 2240 2246 2257 	99361.00 99367.25 99367.86 99368.01 99368.38 99368.47 99383.64 99400.45 	6.25 0.61 0.15 0.37 0.09 15.17 16.81
2243 2248 2251 2252 2253 2254 2258 2271 	99381.00 99384.12 99384.58 99384.77 99385.22 99385.31 99400.57 99417.41 	3.12 0.46 0.19 0.45 0.09 15.26 16.84
2259 2262 2265 2266 2267 2268 2272 2285 	99400.00 99401.00 99401.79 99402.16 99402.62 99402.71 99417.54 99434.39 	1.00 0.79 0.37 0.46 0.09 14.83 16.85
2269 2274 2277 2278 2279 2280 2286 2299 	99410.00 99417.97 99418.43 99418.79 99419.09 99419.16 99434.52 99451.32 	7.97 0.46 0.36 0.30 0.07 15.36 16.80
2283 2288 2291 2292 2293 2294 2300 2311 	99429.00 99434.91 99435.30 99435.46 99435.73 99435.82 99451.45 99468.30 	5.91 0.39 0.16 0.27 0.09 15.63 16.85
2297 2302 2305 2306 2307 2308 2312 2325 	99449.00 99451.84 99452.24 99452.39 99452.85 99452.95 99468.38 99485.38 	2.84 0.40 0.15 0.46 0.10 15.43 17.00
2309 2314 2319 2320 2321 2322 2326 2339 	99459.00 99468.87 99469.27 99469.39 99469.88 99469.95 99485.51 99502.20 	9.87 0.40 0.12 0.49 0.07 15.56 16.69
2323 2328 2331 2332 2333 2334 2340 2353 	99478.00 99485.96 99486.33 99486.48 99486.75 99486.82 99502.35 99519.28 	7.96 0.37 0.15 0.27 0.07 15.53 16.93
2337 2342 2345 2346 2347 2348 2354 2365 	99498.00 99502.75 99503.20 99503.39 99505.52 99505.64 99519.41 99536.31 	4.75 0.45 0.19 2.13 0.12 13.77 16.90
2351 2356 2359 2360 2361 2362 2366 2379 	99517.00 99519.93 99520.39 99520.72 99521.06 99521.15 99536.44 99554.02 	2.93 0.46 0.33 0.34 0.09 15.29 17.58
2363 2370 2373 2374 2375 2376 2380 2393 	99527.00 99536.87 99537.99 99538.15 99538.45 99538.54 99554.14 99570.01 	9.87 1.12 0.16 0.30 0.09 15.60 15.87
2377 2382 2385 2386 2387 2389 2394 2407 	99547.00 99554.57 99556.43 99556.64 99557.25 99557.34 99570.16 99586.98 	7.57 1.86 0.21 0.61 0.09 12.82 16.82
2391 2396 2399 2400 2401 2402 2408 2419 	99566.00 99570.65 99571.08 99571.26 99571.56 99571.66 99587.13 99605.07 	4.65 0.43 0.18 0.30 0.10 15.47 17.94
2405 2410 2413 2414 2415 2416 2420 2433 	99586.00 99587.74 99588.29 99588.53 99589.14 99589.23 99605.23 99620.88 	1.74 0.55 0.24 0.61 0.09 16.00 15.65
2417 2422 2425 2426 2427 2428 2434 2447 	99596.00 99605.93 99606.51 99606.72 99607.39 99607.51 99621.04 99637.84 	9.93 0.58 0.21 0.67 0.12 13.53 16.80
2431 2436 2439 2440 2441 2442 2448 2461 	99615.00 99621.58 99622.04 99622.22 99622.77 99622.86 99637.97 99654.94 	6.58 0.46 0.18 0.55 0.09 15.11 16.97
2445 2450 2453 2454 2455 2456 2462 2473 	99634.00 99638.46 99638.92 99639.10 99639.40 99639.49 99655.05 99671.75 	4.46 0.46 0.18 0.30 0.09 15.56 16.70
2459 2464 2467 2468 2469 2470 2474 2487 	99654.00 99655.52 99655.94 99656.10 99656.98 99657.10 99671.97 99688.70 	1.52 0.42 0.16 0.88 0.12 14.87 16.73
2471 2476 2479 2480 2483 2484 2488 2501 	99664.00 99672.52 99673.07 99673.80 99675.05 99675.14 99688.84 99705.66 	8.52 0.55 0.73 1.25 0.09 13.70 16.82
2485 2490 2495 2496 2497 2498 2502 2513 	99683.00 99690.92 99693.94 99694.12 99694.80 99694.88 99705.80 99722.72 	7.92 3.02 0.18 0.68 0.08 10.92 16.92
2499 2504 2507 2508 2509 2510 2514 2527 	99703.00 99706.36 99707.18 99707.61 99708.47 99708.59 99722.87 99739.56 	3.36 0.82 0.43 0.86 0.12 14.28 16.69
2515 2518 2521 2522 2523 2524 2528 2541 	99723.00 99723.82 99724.33 99724.52 99725.16 99725.25 99739.71 99756.53 	0.82 0.51 0.19 0.64 0.09 14.46 16.82
2530 2532 2535 2536 2537 2538 2542 2555 	99742.00 99742.80 99743.59 99743.80 99744.72 99745.30 99756.71 99773.50 	0.80 0.79 0.21 0.92 0.58 11.41 16.79
2539 2544 2549 2550 2551 2552 2556 2567 	99752.00 99761.14 99762.27 99762.51 99763.06 99763.12 99773.66 99790.44 	9.14 1.13 0.24 0.55 0.06 10.54 16.78
2553 2558 2561 2562 2563 2564 2568 2581 	99771.00 99774.20 99774.66 99774.84 99775.14 99775.23 99790.62 99807.70 	3.20 0.46 0.18 0.30 0.09 15.39 17.08
2570 2572 2575 2576 2577 2578 2582 2595 	99791.00 99791.93 99792.51 99792.69 99793.36 99793.45 99807.90 99824.34 	0.93 0.58 0.18 0.67 0.09 14.45 16.44
2583 2586 2589 2590 2591 2592 2596 2598 	99811.00 99812.93 99813.96 99814.42 99818.91 99819.19 99824.49 99841.28 	1.93 1.03 0.46 4.49 0.28 5.30 16.79
