13 20 26 			4701788.0 4701791.0 4701798.5 4701806.0 			3.0 7.5 7.5
29 36 43 			4701817.0 4701821.0 4701835.5 4701843.5 			4.0 14.5 8.0
49 56 57 			4701866.0 4701870.0 4701877.0 4701877.5 			4.0 7.0 0.5
67 74 80 			4701905.0 4701908.0 4701919.0 4701928.5 			3.0 11.0 9.5
87 94 98 			4701953.0 4701955.0 4701960.5 4701964.5 			2.0 5.5 4.0
105 112 118 			4701992.0 4701996.0 4701999.0 4702013.0 			4.0 3.0 14.0
121 128 134 			4702021.0 4702024.0 4702034.0 4702047.0 			3.0 10.0 13.0
139 146 152 			4702061.0 4702064.0 4702073.0 4702081.5 			3.0 9.0 8.5
157 164 170 			4702100.0 4702103.0 4702109.0 4702114.5 			3.0 6.0 5.5
173 180 186 			4702130.0 4702133.0 4702143.5 4702150.0 			3.0 10.5 6.5
191 198 204 			4702169.0 4702172.0 4702179.0 4702183.0 			3.0 7.0 4.0
209 216 220 			4702208.0 4702210.0 4702214.5 4702217.0 			2.0 4.5 2.5
225 232 233 			4702237.0 4702240.0 4702250.5 4702250.5 			3.0 10.5 0.0
243 250 258 			4702276.0 4702278.0 4702285.5 4702301.5 			2.0 7.5 16.0
261 268 274 			4702315.0 4702318.0 4702322.0 4702335.5 			3.0 4.0 13.5
277 284 292 			4702344.0 4702346.0 4702357.5 4702369.0 			2.0 11.5 11.5
295 302 308 			4702383.0 4702386.0 4702393.5 4702403.5 			3.0 7.5 10.0
313 320 325 			4702422.0 4702425.0 4702431.0 4702437.0 			3.0 6.0 6.0
333 337 342 			4702460.0 4702463.0 4702466.5 4702471.5 			3.0 3.5 5.0
347 354 358 			4702489.0 4702492.0 4702501.5 4702504.5 			3.0 9.5 3.0
365 372 375 			4702528.0 4702532.0 4702538.0 4702540.0 			4.0 6.0 2.0
383 390 396 			4702567.0 4702571.0 4702574.5 4702589.5 			4.0 3.5 15.0
399 406 414 			4702596.0 4702600.0 4702609.5 4702623.5 			4.0 9.5 14.0
417 424 430 			4702637.0 4702640.0 4702645.0 4702657.5 			3.0 5.0 12.5
433 440 448 			4702666.0 4702669.0 4702680.0 4702691.5 			3.0 11.0 11.5
451 458 464 			4702705.0 4702707.0 4702715.5 4702725.5 			2.0 8.5 10.0
469 476 482 			4702744.0 4702747.0 4702752.5 4702759.0 			3.0 5.5 6.5
485 492 498 			4702774.0 4702778.0 4702788.0 4702793.5 			4.0 10.0 5.5
503 510 516 			4702813.0 4702815.0 4702823.0 4702827.0 			2.0 8.0 4.0
521 528 532 			4702852.0 4702854.0 4702860.0 4702862.5 			2.0 6.0 2.5
537 544 552 			4702881.0 4702885.0 4702897.0 4702911.5 			4.0 12.0 14.5
555 562 568 			4702920.0 4702923.0 4702932.5 4702945.5 			3.0 9.5 13.0
573 580 586 			4702957.0 4702961.0 4702969.5 4702979.5 			4.0 8.5 10.0
591 598 604 			4702997.0 4703000.0 4703004.5 4703013.5 			3.0 4.5 9.0
607 614 618 			4703027.0 4703029.0 4703040.0 4703047.5 			2.0 11.0 7.5
625 632 636 			4703066.0 4703070.0 4703078.5 4703081.5 			4.0 8.5 3.0
645 650 658 			4703105.0 4703112.0 4703117.0 4703133.5 			7.0 5.0 16.5
661 668 674 			4703144.0 4703146.0 4703153.0 4703166.0 			2.0 7.0 13.0
688 684 692 			4703184.0 4703188.0 4703188.5 4703201.5 			4.0 0.5 13.0
695 702 708 			4703212.0 4703215.0 4703224.0 4703234.0 			3.0 9.0 10.0
713 720 726 			4703251.0 4703253.0 4703258.5 4703267.5 			2.0 5.5 9.0
729 736 740 			4703281.0 4703284.0 4703295.0 4703302.0 			3.0 11.0 7.0
747 754 760 			4703320.0 4703323.0 4703331.0 4703335.5 			3.0 8.0 4.5
765 772 776 			4703359.0 4703362.0 4703366.5 4703369.5 			3.0 4.5 3.0
781 788 789 			4703388.0 4703391.0 4703402.5 4703403.5 			3.0 11.5 1.0
799 806 814 			4703427.0 4703431.0 4703438.0 4703455.5 			4.0 7.0 17.5
817 824 830 			4703465.0 4703469.0 4703473.0 4703488.5 			4.0 4.0 15.5
835 842 848 			4703505.0 4703507.0 4703512.0 4703523.5 			2.0 5.0 11.5
853 860 864 			4703544.0 4703548.0 4703551.0 4703556.0 			4.0 3.0 5.0
869 876 882 			4703574.0 4703577.0 4703586.0 4703591.5 			3.0 9.0 5.5
887 894 898 			4703613.0 4703615.0 4703621.0 4703624.0 			2.0 6.0 3.0
903 910 918 			4703642.0 4703647.0 4703659.5 4703675.0 			5.0 12.5 15.5
930 928 936 			4703691.0 4703693.0 4703695.0 4703709.0 			2.0 2.0 14.0
939 946 952 			4703720.0 4703723.0 4703732.5 4703742.5 			3.0 9.5 10.0
957 964 970 			4703759.0 4703761.0 4703767.5 4703777.0 			2.0 6.5 9.5
975 982 986 			4703798.0 4703801.0 4703804.5 4703810.0 			3.0 3.5 5.5
993 1000 1001 			4703837.0 4703840.0 4703844.0 4703845.5 			3.0 4.0 1.5
1011 1018 1024 			4703876.0 4703879.0 4703882.5 4703896.0 			3.0 3.5 13.5
1029 1036 1040 			4703915.0 4703918.0 4703921.5 4703929.0 			3.0 3.5 7.5
1047 1054 1058 			4703954.0 4703956.0 4703959.5 4703963.0 			2.0 3.5 3.5
1071 1070 1078 			4703992.0 4703997.0 4703998.0 4704013.5 			5.0 1.0 15.5
1083 1090 1092 			4704031.0 4704033.0 4704046.0 4704047.5 			2.0 13.0 1.5
1103 1110 1116 			4704080.0 4704083.0 4704086.0 4704099.0 			3.0 3.0 13.0
1119 1126 1132 			4704109.0 4704112.0 4704122.0 4704132.5 			3.0 10.0 10.5
1137 1144 1150 			4704148.0 4704151.0 4704162.0 4704168.0 			3.0 11.0 6.0
1155 1162 1170 			4704188.0 4704192.0 4704200.5 4704218.0 			4.0 8.5 17.5
1173 1180 1188 			4704227.0 4704229.0 4704238.5 4704251.0 			2.0 9.5 12.5
1191 1198 1204 			4704266.0 4704270.0 4704279.0 4704286.5 			4.0 9.0 7.5
1209 1216 1217 			4704305.0 4704308.0 4704318.0 4704319.5 			3.0 10.0 1.5
1227 1234 1242 			4704344.0 4704347.0 4704357.0 4704370.0 			3.0 10.0 13.0
1249 1254 1255 			4704393.0 4704396.0 4704398.5 4704403.5 			3.0 2.5 5.0
1267 1272 1278 			4704433.0 4704436.0 4704443.5 4704454.5 			3.0 7.5 11.0
1283 1290 1294 			4704471.0 4704475.0 4704484.5 4704489.5 			4.0 9.5 5.0
1301 1308 1316 			4704511.0 4704513.0 4704522.5 4704540.0 			2.0 9.5 17.5
1319 1326 1334 			4704549.0 4704552.0 4704561.0 4704573.5 			3.0 9.0 12.5
1337 1347 1350 			4704588.0 4704592.0 4704598.5 4704608.5 			4.0 6.5 10.0
1355 1362 1367 			4704627.0 4704629.0 4704632.0 4704641.0 			2.0 3.0 9.0
1371 1378 1384 			4704657.0 4704660.0 4704669.0 4704675.5 			3.0 9.0 6.5
1389 1396 1400 			4704696.0 4704699.0 4704706.5 4704709.0 			3.0 7.5 2.5
1407 1414 1422 			4704735.0 4704739.0 4704747.0 4704759.5 			4.0 8.0 12.5
1425 1432 1436 			4704774.0 4704777.0 4704785.5 4704794.0 			3.0 8.5 8.5
1443 1450 1456 			4704813.0 4704815.0 4704824.0 4704828.0 			2.0 9.0 4.0
1461 1468 1476 			4704852.0 4704856.0 4704863.5 4704880.0 			4.0 7.5 16.5
1479 1486 1492 			4704891.0 4704895.0 4704899.5 4704912.5 			4.0 4.5 13.0
1506 1502 1508 			4704930.0 4704934.0 4704935.0 4704948.0 			4.0 1.0 13.0
1513 1520 1526 			4704959.0 4704962.0 4704970.5 4704980.5 			3.0 8.5 10.0
1531 1538 1544 			4704998.0 4705001.0 4705006.0 4705014.0 			3.0 5.0 8.0
1547 1554 1560 			4705027.0 4705030.0 4705040.5 4705048.0 			3.0 10.5 7.5
1565 1572 1578 			4705065.0 4705069.0 4705077.0 4705082.0 			4.0 8.0 5.0
1583 1590 1594 			4705104.0 4705108.0 4705112.0 4705115.5 			4.0 4.0 3.5
1599 1606 1610 			4705133.0 4705138.0 4705147.0 4705150.0 			5.0 9.0 3.0
1617 1624 1628 			4705172.0 4705176.0 4705182.5 4705184.0 			4.0 6.5 1.5
1638 1642 1648 			4705211.0 4705216.0 4705218.5 4705234.5 			5.0 2.5 16.0
1651 1658 1666 			4705241.0 4705245.0 4705253.5 4705270.0 			4.0 8.5 16.5
1669 1676 1682 			4705280.0 4705283.0 4705289.0 4705302.5 			3.0 6.0 13.5
1687 1694 1700 			4705319.0 4705321.0 4705325.0 4705336.5 			2.0 4.0 11.5
1703 1710 1716 			4705348.0 4705352.0 4705360.0 4705370.5 			4.0 8.0 10.5
