16 18 19 			168323043.0 168323049.0 168323056.0 168323056.0 			6.0 7.0 0.0
28 34 43 			168323063.0 168323068.0 168323072.0 168323088.0 			5.0 4.0 16.0
46 48 50 			168323092.0 168323096.0 168323104.0 168323104.0 			4.0 8.0 0.0
56 64 73 			168323114.0 168323117.0 168323120.0 168323136.0 			3.0 3.0 16.0
76 78 87 			168323143.0 168323147.0 168323152.0 168323152.0 			4.0 5.0 0.0
90 92 96 			168323162.0 168323166.0 168323168.0 168323168.0 			4.0 2.0 0.0
100 107 117 			168323172.0 168323184.0 168323184.0 168323200.0 			12.0 0.0 16.0
130 122 129 			168323220.0 168323229.0 168323232.0 168323232.0 			9.0 3.0 0.0
146 136 143 			168323240.0 168323245.0 168323248.0 168323248.0 			5.0 3.0 0.0
148 149 155 			168323250.0 168323254.0 168323264.0 168323264.0 			4.0 10.0 0.0
162 163 170 			168323269.0 168323272.0 168323280.0 168323280.0 			3.0 8.0 0.0
177 176 182 			168323289.0 168323291.0 168323296.0 168323296.0 			2.0 5.0 0.0
188 190 191 			168323299.0 168323305.0 168323312.0 168323312.0 			6.0 7.0 0.0
202 204 215 			168323318.0 168323322.0 168323328.0 168323344.0 			4.0 6.0 16.0
218 220 229 			168323347.0 168323350.0 168323360.0 168323360.0 			3.0 10.0 0.0
232 234 241 			168323367.0 168323369.0 168323376.0 168323376.0 			2.0 7.0 0.0
246 248 255 			168323385.0 168323389.0 168323392.0 168323392.0 			4.0 3.0 0.0
258 260 267 			168323394.0 168323400.0 168323408.0 168323408.0 			6.0 8.0 0.0
268 276 277 			168323414.0 168323418.0 168323424.0 168323424.0 			4.0 6.0 0.0
286 290 293 			168323443.0 168323447.0 168323456.0 168323456.0 			4.0 9.0 0.0
294 306 307 			168323462.0 168323467.0 168323472.0 168323472.0 			5.0 5.0 0.0
316 318 327 			168323482.0 168323488.0 168323488.0 168323488.0 			6.0 0.0 0.0
319 332 337 			168323492.0 168323496.0 168323504.0 168323504.0 			4.0 8.0 0.0
341 346 348 			168323511.0 168323518.0 168323520.0 168323520.0 			7.0 2.0 0.0
344 360 361 			168323521.0 168323524.0 168323536.0 168323536.0 			3.0 12.0 0.0
358 374 378 			168323541.0 168323546.0 168323552.0 168323552.0 			5.0 6.0 0.0
384 386 387 			168323570.0 168323576.0 168323584.0 168323584.0 			6.0 8.0 0.0
398 400 411 			168323589.0 168323597.0 168323600.0 168323616.0 			8.0 3.0 16.0
414 416 423 			168323619.0 168323623.0 168323632.0 168323632.0 			4.0 9.0 0.0
429 428 431 			168323638.0 168323644.0 168323648.0 168323648.0 			6.0 4.0 0.0
442 444 445 			168323657.0 168323661.0 168323664.0 168323680.0 			4.0 3.0 16.0
454 456 463 			168323667.0 168323677.0 168323680.0 168323696.0 			10.0 3.0 16.0
468 470 479 			168323687.0 168323695.0 168323696.0 168323712.0 			8.0 1.0 16.0
482 484 486 			168323706.0 168323711.0 168323712.0 168323728.0 			5.0 1.0 16.0
496 498 500 			168323725.0 168323728.0 168323728.0 168323744.0 			3.0 0.0 16.0
508 511 519 			168323735.0 168323740.0 168323744.0 168323760.0 			5.0 4.0 16.0
521 524 528 			168323755.0 168323759.0 168323760.0 168323776.0 			4.0 1.0 16.0
525 538 545 			168323765.0 168323768.0 168323776.0 168323792.0 			3.0 8.0 16.0
548 552 559 			168323784.0 168323787.0 168323792.0 168323808.0 			3.0 5.0 16.0
562 564 573 			168323804.0 168323808.0 168323808.0 168323824.0 			4.0 0.0 16.0
571 578 585 			168323813.0 168323820.0 168323824.0 168323840.0 			7.0 4.0 16.0
586 592 599 			168323833.0 168323838.0 168323840.0 168323856.0 			5.0 2.0 16.0
590 604 611 			168323843.0 168323846.0 168323856.0 168323872.0 			3.0 10.0 16.0
614 618 627 			168323862.0 168323872.0 168323872.0 168323888.0 			10.0 0.0 16.0
625 632 641 			168323882.0 168323887.0 168323888.0 168323904.0 			5.0 1.0 16.0
630 646 653 			168323893.0 168323897.0 168323904.0 168323936.0 			4.0 7.0 32.0
656 658 667 			168323922.0 168323927.0 168323936.0 168323952.0 			5.0 9.0 16.0
670 672 679 			168323941.0 168323945.0 168323952.0 168323968.0 			4.0 7.0 16.0
691 684 693 			168323961.0 168323967.0 168323968.0 168323984.0 			6.0 1.0 16.0
698 699 705 			168323979.0 168323983.0 168323984.0 168324000.0 			4.0 1.0 16.0
710 714 717 			168323988.0 168323992.0 168324000.0 168324016.0 			4.0 8.0 16.0
726 728 729 			168324018.0 168324023.0 168324032.0 168324032.0 			5.0 9.0 0.0
741 740 742 			168324037.0 168324041.0 168324048.0 168324048.0 			4.0 7.0 0.0
764 766 775 			168324057.0 168324062.0 168324064.0 168324080.0 			5.0 2.0 16.0
778 780 789 			168324076.0 168324080.0 168324080.0 168324096.0 			4.0 0.0 16.0
787 794 803 			168324086.0 168324090.0 168324096.0 168324112.0 			4.0 6.0 16.0
801 807 815 			168324105.0 168324109.0 168324112.0 168324128.0 			4.0 3.0 16.0
806 820 829 			168324115.0 168324119.0 168324128.0 168324144.0 			4.0 9.0 16.0
827 834 841 			168324135.0 168324138.0 168324144.0 168324160.0 			3.0 6.0 16.0
832 848 856 			168324144.0 168324148.0 168324160.0 168324176.0 			4.0 12.0 16.0
846 861 869 			168324164.0 168324167.0 168324176.0 168324192.0 			3.0 9.0 16.0
860 874 883 			168324183.0 168324187.0 168324192.0 168324208.0 			4.0 5.0 16.0
886 888 895 			168324213.0 168324217.0 168324224.0 168324224.0 			4.0 7.0 0.0
926 913 922 			168324261.0 168324267.0 168324272.0 168324272.0 			6.0 5.0 0.0
939 928 934 			168324281.0 168324287.0 168324288.0 168324288.0 			6.0 1.0 0.0
953 942 945 			168324300.0 168324303.0 168324304.0 168324304.0 			3.0 1.0 0.0
958 956 957 			168324310.0 168324314.0 168324320.0 168324320.0 			4.0 6.0 0.0
968 970 971 			168324320.0 168324323.0 168324336.0 168324336.0 			3.0 13.0 0.0
982 984 993 			168324340.0 168324346.0 168324352.0 168324368.0 			6.0 6.0 16.0
1008 998 1005 			168324378.0 168324384.0 168324384.0 168324384.0 			6.0 0.0 0.0
1017 1010 1019 			168324388.0 168324395.0 168324400.0 168324400.0 			7.0 5.0 0.0
1031 1024 1033 			168324408.0 168324413.0 168324416.0 168324416.0 			5.0 3.0 0.0
1036 1038 1043 			168324417.0 168324421.0 168324432.0 168324432.0 			4.0 11.0 0.0
1048 1050 1052 			168324427.0 168324441.0 168324448.0 168324448.0 			14.0 7.0 0.0
1067 1062 1071 			168324456.0 168324461.0 168324464.0 168324464.0 			5.0 3.0 0.0
1077 1076 1085 			168324476.0 168324479.0 168324480.0 168324480.0 			3.0 1.0 0.0
1088 1090 1097 			168324486.0 168324489.0 168324496.0 168324496.0 			3.0 7.0 0.0
1100 1101 1107 			168324505.0 168324509.0 168324512.0 168324512.0 			4.0 3.0 0.0
1112 1114 1121 			168324515.0 168324522.0 168324528.0 168324528.0 			7.0 6.0 0.0
1126 1128 1137 			168324534.0 168324539.0 168324544.0 168324544.0 			5.0 5.0 0.0
1140 1142 1148 			168324554.0 168324558.0 168324560.0 168324560.0 			4.0 2.0 0.0
1152 1154 1163 			168324563.0 168324576.0 168324576.0 168324576.0 			13.0 0.0 0.0
1166 1168 1177 			168324583.0 168324587.0 168324592.0 168324592.0 			4.0 5.0 0.0
1189 1182 1191 			168324612.0 168324617.0 168324624.0 168324624.0 			5.0 7.0 0.0
1203 1196 1204 			168324632.0 168324634.0 168324640.0 168324640.0 			2.0 6.0 0.0
1217 1208 1215 			168324651.0 168324654.0 168324656.0 168324656.0 			3.0 2.0 0.0
1220 1221 1229 			168324661.0 168324663.0 168324672.0 168324672.0 			2.0 9.0 0.0
1232 1234 1238 			168324671.0 168324676.0 168324688.0 168324688.0 			5.0 12.0 0.0
1246 1247 1253 			168324690.0 168324696.0 168324704.0 168324704.0 			6.0 8.0 0.0
1260 1262 1269 			168324710.0 168324713.0 168324720.0 168324720.0 			3.0 7.0 0.0
1272 1274 1290 			168324719.0 168324723.0 168324736.0 168326048.0 			4.0 13.0 1312.0
1293 1281 1290 			168326044.0 168326047.0 168326048.0 168326048.0 			3.0 1.0 0.0
1302 1295 1304 			168326054.0 168326058.0 168326064.0 168326064.0 			4.0 6.0 0.0
1314 1307 1316 			168326073.0 168326075.0 168326080.0 168326080.0 			2.0 5.0 0.0
1319 1321 1328 			168326083.0 168326085.0 168326096.0 168326096.0 			2.0 11.0 0.0
1334 1333 1342 			168326102.0 168326105.0 168326112.0 168326112.0 			3.0 7.0 0.0
1354 1347 1356 			168326122.0 168326125.0 168326128.0 168326128.0 			3.0 3.0 0.0
1368 1361 1370 			168326141.0 168326143.0 168326144.0 168326144.0 			2.0 1.0 0.0
1380 1373 1382 			168326151.0 168326155.0 168326160.0 168326160.0 			4.0 5.0 0.0
1394 1387 1396 			168326170.0 168326175.0 168326176.0 168326176.0 			5.0 1.0 0.0
1399 1401 1410 			168326180.0 168326182.0 168326192.0 168326192.0 			2.0 10.0 0.0
1413 1415 1422 			168326200.0 168326202.0 168326208.0 168326208.0 			2.0 6.0 0.0
1425 1427 1434 			168326209.0 168326215.0 168326224.0 168326224.0 			6.0 9.0 0.0
1439 1441 1450 			168326229.0 168326235.0 168326240.0 168326240.0 			6.0 5.0 0.0
1453 1455 1462 			168326248.0 168326251.0 168326256.0 168326256.0 			3.0 5.0 0.0
1467 1469 1471 			168326268.0 168326270.0 168326272.0 168326272.0 			2.0 2.0 0.0
1477 1483 1484 			168326278.0 168326283.0 168326288.0 168326288.0 			5.0 5.0 0.0
1491 1497 1498 			168326297.0 168326302.0 168326304.0 168326304.0 			5.0 2.0 0.0
1501 1509 1520 			168326316.0 168326320.0 168326320.0 168326352.0 			4.0 0.0 32.0
1527 1525 1534 			168326355.0 168326359.0 168326368.0 168326368.0 			4.0 9.0 0.0
1544 1539 1548 			168326375.0 168326380.0 168326384.0 168326384.0 			5.0 4.0 0.0
1560 1553 1561 			168326395.0 168326398.0 168326400.0 168326400.0 			3.0 2.0 0.0
1565 1567 1574 			168326404.0 168326408.0 168326416.0 168326416.0 			4.0 8.0 0.0
1589 1579 1586 			168326424.0 168326431.0 168326432.0 168326432.0 			7.0 1.0 0.0
1598 1591 1602 			168326433.0 168326447.0 168326448.0 168326448.0 			14.0 1.0 0.0
1605 1607 1616 			168326453.0 168326455.0 168326464.0 168326464.0 			2.0 9.0 0.0
1619 1621 1628 			168326472.0 168326474.0 168326480.0 168326480.0 			2.0 6.0 0.0
1631 1633 1642 			168326482.0 168326485.0 168326496.0 168326496.0 			3.0 11.0 0.0
1645 1647 1656 			168326502.0 168326505.0 168326512.0 168326512.0 			3.0 7.0 0.0
1659 1661 1670 			168326521.0 168326523.0 168326528.0 168326528.0 			2.0 5.0 0.0
1673 1675 1682 			168326541.0 168326542.0 168326544.0 168326544.0 			1.0 2.0 0.0
1685 1687 1696 			168326550.0 168326554.0 168326560.0 168326560.0 			4.0 6.0 0.0
1699 1701 1710 			168326570.0 168326574.0 168326576.0 168326576.0 			4.0 2.0 0.0
1702 1715 1722 			168326580.0 168326582.0 168326592.0 168326592.0 			2.0 10.0 0.0
1725 1729 1736 			168326599.0 168326602.0 168326608.0 168326608.0 			3.0 6.0 0.0
1739 1741 1749 			168326619.0 168326623.0 168326624.0 168326624.0 			4.0 1.0 0.0
1748 1755 1762 			168326628.0 168326635.0 168326640.0 168326640.0 			7.0 5.0 0.0
1765 1769 1776 			168326648.0 168326654.0 168326656.0 168326656.0 			6.0 2.0 0.0
1788 1781 1790 			168326677.0 168326683.0 168326688.0 168326688.0 			6.0 5.0 0.0
1802 1795 1803 			168326697.0 168326702.0 168326704.0 168326704.0 			5.0 2.0 0.0
1807 1809 1816 			168326706.0 168326710.0 168326720.0 168326720.0 			4.0 10.0 0.0
1819 1821 1828 			168326725.0 168326728.0 168326736.0 168326736.0 			3.0 8.0 0.0
1834 1833 1840 			168326745.0 168326749.0 168326752.0 168326752.0 			4.0 3.0 0.0
1845 1847 1852 			168326755.0 168326760.0 168326768.0 168326768.0 			5.0 8.0 0.0
1857 1861 1862 			168326774.0 168326779.0 168326784.0 168326784.0 			5.0 5.0 0.0
1875 1877 1886 			168326803.0 168326807.0 168326816.0 168326816.0 			4.0 9.0 0.0
1889 1891 1898 			168326823.0 168326827.0 168326832.0 168326832.0 			4.0 5.0 0.0
1903 1905 1912 			168326842.0 168326846.0 168326848.0 168326848.0 			4.0 2.0 0.0
1915 1919 1926 			168326852.0 168326859.0 168326864.0 168326880.0 			7.0 5.0 16.0
1929 1931 1940 			168326872.0 168326875.0 168326880.0 168326896.0 			3.0 5.0 16.0
1943 1945 1953 			168326891.0 168326895.0 168326896.0 168326912.0 			4.0 1.0 16.0
1952 1959 1963 			168326901.0 168326906.0 168326912.0 168326928.0 			5.0 6.0 16.0
1969 1973 1975 			168326921.0 168326926.0 168326928.0 168326944.0 			5.0 2.0 16.0
1971 1987 1990 			168326930.0 168326934.0 168326944.0 168326960.0 			4.0 10.0 16.0
1985 1999 2003 			168326950.0 168326953.0 168326960.0 168326976.0 			3.0 7.0 16.0
2000 2013 2016 			168326969.0 168326973.0 168326976.0 168326992.0 			4.0 3.0 16.0
2011 2025 2031 			168326979.0 168326983.0 168326992.0 168327008.0 			4.0 9.0 16.0
2029 2041 2048 			168326998.0 168327008.0 168327008.0 168327040.0 			10.0 0.0 32.0
2051 2053 2060 			168327027.0 168327032.0 168327040.0 168327056.0 			5.0 8.0 16.0
2065 2067 2074 			168327047.0 168327052.0 168327056.0 168327072.0 			5.0 4.0 16.0
2079 2080 2088 			168327066.0 168327069.0 168327072.0 168327088.0 			3.0 3.0 16.0
2091 2093 2102 			168327076.0 168327080.0 168327088.0 168327104.0 			4.0 8.0 16.0
2105 2107 2114 			168327096.0 168327101.0 168327104.0 168327120.0 			5.0 3.0 16.0
2119 2121 2123 			168327115.0 168327119.0 168327120.0 168327136.0 			4.0 1.0 16.0
2137 2135 2136 			168327144.0 168327147.0 168327152.0 168327152.0 			3.0 5.0 0.0
2150 2149 2159 			168327164.0 168327167.0 168327168.0 168327184.0 			3.0 1.0 16.0
2158 2163 2172 			168327174.0 168327177.0 168327184.0 168327200.0 			3.0 7.0 16.0
2175 2177 2186 			168327193.0 168327196.0 168327200.0 168327216.0 			3.0 4.0 16.0
2189 2191 2200 			168327213.0 168327215.0 168327216.0 168327232.0 			2.0 1.0 16.0
2198 2205 2214 			168327222.0 168327227.0 168327232.0 168327248.0 			5.0 5.0 16.0
2212 2219 2226 			168327242.0 168327245.0 168327248.0 168327264.0 			3.0 3.0 16.0
